12892999430
26357230600
91829675478
20376653779
47535631541
63548887104
18252851363
51614642672
95296028201
39304417210
14611275647
75758481696
31003381200
04312640580
76930082333
38754424151
87032206646
24319618858
87217551838
23232885128
42184888605
73052453211
21586356658
64682975595
62570614742
58316227118
12968044885
66004153125
16881653395
75672669034
97672485440
13292699851
33113468744
41787361403
92256427412
81745037144
99279505351
32308091142
34711264493
06526865160
58067662843
37466658920
45117521501
08621751607
85476664270
75162101028
25455577140
42608678653
41202675980
14281237763
70850556775
84025507463
02509267507
09046794547
81913415902
11440043302
27766136368
18843048503
52782855751
69725067436
15930821429
54760745629
76963671613
89937004861
61088653189
46348139808
86132426507
01384785388
41423482484
29444528510
44314651202
60103546413
34134868700
39682589754
43543374443
14372158076
78199846194
53733724046
01544846100
21181615658
98164366048
15776465761
62814470698
79365716128
62412140391
31277714959
42861293306
25794938838
72582865869
22647343373
55385027677
83961614962
30111373581
37165062734
68291705321
37225732463
69444473120
86864595102
07566853112
23845176350
62774266211
14587312193
54468008857
88686151345
17628186394
37155721409
91733034102
76373326241
40188825720
78818667300
38487007600
34317867826
76254147106
58784763639
72248145632
28658576620
41217123580
62743438576
71587444348
67136138965
53548286860
05835322682
45804464299
67946725701
46278577488
39195141308
77335893801
58271327488
84117230700
03556697572
19240561609
68832810964
78683531201
25054576894
11667702904
04825267858
37686433013
55836015821
32415311804
26603324016
57320489368
34778529901
25334423729
25465546549
57181329928
82985883555
49758793284
58849332661
99453366145
27624014297
46644446485
79241118598
44515286315
16027371188
62142771220
62117413757
85760529382
72114147827
93714594418
64227866545
13322761215
85758874590
28683570673
86332074000
64701025577
86532357600
12917903147
78586420735
12495985327
13556770415
64961766801
74125271348
35237313809
67482720251
31115844709
55278161612
74881771698
27397467253
26874831682
59678315688
15438793492
57444534233
41025814568
21868065847
56627740214
62359388290
49744844868
53666627374
56066325191
74818683523
97221851107
82639664930
72237706603
42374516580
27183731219
23886533204
53172783170
51364326752
81185752684
62918724475
53021321682
15143790239
58438555209
00666175969
53978031469
36547377814
31842424556
43554675113
01812747870
37865438796
24545681794
76590230471
37685186985
13352586713
86763618352
62128507200
77099458485
25884306350
33653543282
32167135394
86943316400
29644882407
12352169267
96623730478
77582491670
66387424690
67250568906
89347786799
57021271450
53787833218
61116932474
84432682710
02817751680
28523317562
72333060107
83882818018
65902461499
82227445939
73821877219
76924840159
06382264067
23215324164
40996819800
52573118525
63548918344
19775867592
19741732597
68131524167
62810438200
47556690067
77696465457
25601123705
43178617710
54262564460
64160156339
76671231281
36944514559
37974585099
88511512888
11042393028
56550710880
64282705795
81553814630
35822577032
58261355900
55022116065
58832515520
03938830867
45745486813
46321321281
84843522341
26134640549
10644419393
43278689909
14121323718
80662330277
14029455239
14852424446
11822717400
58429344349
56975317291
32314591500
21029425540
65443569210
76533462865
35191816226
75087889743
20228486670
64682611631
52282755413
47685416239
93514776490
28711244690
50174744048
45257261308
09333427139
73043357507
54788834332
42699361771
35248367638
58128178806
48198908080
46366916799
99007302400
33864333750
88233684805
64105723103
67866752478
60411945149
26432913799
13513127669
48946754478
15494428729
71635487021
78547631780
37692482608
43145574191
96203175994
61736295420
73201164720
78418748982
78687077807
72472230303
99341009596
32482103207
34328368214
42167838212
25541756243
63356117246
31014708702
68986555662
03223042377
51878725246
65019038156
27875423449
53462584693
09426853693
07264689832
65853572725
22116992940
82166230385
76442188078
95371326170
13852058147
58307472865
96857398208
42514494443
64311129114
39379312105
41443672076
68141562100
41802241515
37187956711
62191133738
55532773610
55799137299
94157481844
48103741493
73837455904
35122364214
12205684140
94732565077
57776153176
44318188710
88764698262
47124512468
40866356312
13448584657
45548705024
21767652305
62866594550
32711557472
54529985199
02252616938
82356682899
58807462168
75713783626
76913565445
45738228286
77830597677
26656353720
64319316452
67818546820
72322536644
61453788913
26236280177
11143713273
36242486776
63883531693
27738124849
77017028570
34885957141
33427468232
49580543160
59283555805
82107848033
11675784574
51654406210
68415272596
06675032186
41955745790
27348261272
33627630572
31345527799
26131820910
36737416160
76123023497
79198422634
28628225668
62722285118
03501022956
68745529531
39538648404
56805770114
04146576245
11969474491
75528739578
86657739672
81565836200
39894170021
87580034875
05072471241
13562448406
94892606065
19326940721
36938037493
37492293682
15369447349
35621671210
72875136410
61860467539
23827930901
61308287488
01347463925
96065498360
39293315009
14563725307
57844278811
74732477356
53281229840
18526452703
66231354210
14619364703
04248685809
25530801234
78923066761
83588292560
53352525617
62921534797
57881130326
70641291833
55645322363
39529695160
53429595606
12601820454
94901233238
14525942444
23717048570
65687733604
82129966462
27583688892
66252383252
37036276541
81394157401
44243835209
55802879505
49531705399
67858852566
34783542341
98248364380
14276026890
76286136835
77084521470
18464132220
44682283340
71672442796
91811882188
08148612102
71556749155
63282612761
48870663337
45456881446
86284464606
13426478749
57732377257
02341220649
72623435642
86769285410
69941268622
64173455054
61672439728
82713306833
28113497315
22315085837
06219250478
36430623467
35644258610
31778589936
52571965735
64370917700
54153877492
55545401806
65586139057
69280716646
51523674679
59354122922
74356746724
73817752040
72515360483
62089749253
22868317693
25646808790
94243883815
89267460110
30956568661
92712788877
94707268552
33722073782
30662877420
03476407888
38269324639
45415251782
10861591283
48067655464
31586157035
58505377249
85435745608
13526515646
21755603681
36997877290
57287581183
77124522889
51543676936
51524538434
72863559370
48168766180
73367016128
63854152604
38056462830
26413839260
00817155600
83761432712
87226178680
97267797580
82835325530
40712171118
73379861227
13952318507
81172132143
27421447652
20146478444
93964170097
64786540366
56827076482
55742886489
37735188897
87682692340
71637921829
06258889360
22735791793
91453172831
61153275554
33964086240
10831384808
91178831132
48629177047
71133631134
60882127489
42244336301
15316896475
40283173394
55976158820
41996833138
56017944487
53652141024
15673598173
56733189283
75012871553
67787457201
09243061224
83225169595
51153346745
88974380838
65693334880
97836665259
25178051645
96328915381
20025735144
94355561240
05036443314
13456791658
75955536604
37825567390
16552355670
11619325772
64742697073
14661621042
10236546520
51980138540
74216492711
93279172861
82564397263
62466446782
84854684305
18511585451
62485798494
38729962153
64283113565
82418361551
55735406108
53478233135
19938068901
18445419838
52483877524
31235223264
29301536870
26347262525
37528297887
72393336206
80353617911
26648158654
94299625820
25356834403
25868065654
41131165985
60522800939
17986674873
82353013422
15689304379
06157243376
54312078815
30173461379
70852140827
25339564223
30464227330
43401158198
52625210290
42657752764
87253848489
62782336908
78373282564
12128271711
86427256483
44666191828
87013817929
83884713256
32164543980
86791438479
48156776119
33190744823
32525616030
60158542860
01205292896
83681126054
87262355449
14477221401
24666437584
69047561104
57876582303
65647619371
98842517623
33957572185
99213127820
88188443697
56538673309
15656519287
88166875500
74401643348
48667686573
36850381253
36618476941
32614363790
71613105126
89366548539
11394755767
48677447350
94624253370
15117810848
64107652319
70281765332
22951710402
76238812800
01554078130
68877665319
23156205702
55365423461
72710148455
42520431318
62485859892
92355146144
55954438390
82864893223
70486538508
91611528208
51362068888
76931522965
22536062350
88663598319
68199528567
43743945320
61892744473
22079864114
62126116298
57286448480
12641356538
48820838842
18977442265
71376274710
67634554375
79809811896
68186413189
06572441474
85242731605
83477551672
20697190730
03644810133
96281755995
86468435307
88322512643
44386547266
27033440820
15689993050
21351636278
33277550192
68148225630
34161597568
58946623110
44522245718
24535042403
36645170165
57001642304
01954743335
09528043879
28623379942
29442786300
62248504101
36103033012
56382656437
28631178233
30683302035
37663438310
64686182662
09679150909
55372825340
32013578806
76843591426
15142285999
43362426409
46796842839
61436786266
79662854215
17237782304
47736768170
31759284394
67242954240
94185715102
87789115677
94501837080
63638847560
86869344558
66106248281
78382730213
13197315030
20569603110
51527513726
43178756590
83758546893
64418458301
79676905593
08404863326
23801857948
11507139683
16461106685
57571967341
67123801385
34221575735
82458242405
74266230761
55839730726
55957768200
78640251452
28571788677
86448247599
57487388212
32441561189
71623492939
68235339277
94419714727
78727914550
88536326743
01326445251
62596103788
56385158446
11397128100
67902311103
70836041003
23248228300
17512090161
33631361378
22274454167
66934521676
62188373430
59016547223
45134234558
68146716547
16625291803
10287637514
85499896577
16338126428
17608462361
52660821194
74579623797
46674162469
05246486117
54465020945
18782655715
99454175254
77737200452
20683188810
52925482864
83661501780
17261225819
15712704420
96675459201
34825332293
89788941940
16617439511
65171067821
83105171223
47776339180
72978510781
47651724062
37450539667
24506108809
74484432323
66467462572
93883773700
57173487625
84346742629
75848237859
90825794803
78127221120
32620314291
01977488560
56181295313
34328239597
53213665860
71858589410
78658891003
12511897172
58827321233
64370673577
43651645380
63293380867
86239679682
32023532507
06288498424
23442554195
12765126194
44476682464
68384161070
41163918598
51464713472
42971867480
72032112582
31359345949
46742775823
00659024837
91925284735
65808210860
00732301700
63582653340
38433157019
87835481227
58286487990
06316758170
73828108954
95413083416
23202972430
52425318780
39824625178
02873714506
16038740970
93247505504
76416062534
67975369101
58254320276
31878864858
88087942884
51157327001
45623817360
66742295554
05577878748
75315745783
60478841990
79676424064
78215625991
31063868785
32179354380
46647015272
62884472690
95775863763
85725713610
28417123890
56436425659
28488632690
23445586322
26354182175
44055179405
75875208210
45028852669
17674343677
84728971333
86849586599
88250642171
02875104500
11722755644
37453623901
34115637102
27647024779
67097581840
66071761786
76328136323
04428484550
03067826930
04813888186
04646383306
83466777313
68856790548
63502542104
37834412850
11802153705
27152354022
23246353808
13623851400
51397586362
65344182155
23908472857
91226747728
56081521583
34767394490
74156194396
15444762722
90512511225
27350784260
72733311557
32884859748
15720863605
96887719029
67622837210
94155886758
65939534406
78845572153
53251085301
05613108587
13451039214
43635156434
96811223804
98814485143
46408003397
85697508468
37651345894
38806019848
09819837405
53053459523
44541817802
56682591705
33352216991
80732613167
09651404744
54441141351
23798393877
98331718429
45788725720
64879895504
41684920108
86457883656
29245422780
06827433480
90186166303
47412143891
33426999579
63941773500
42224204507
42776482825
77849484762
10144811715
15139639378
35645166701
31561786403
96820347529
43503141804
36111772295
88422376555
19166388210
14737911380
12206647745
40271725230
73432997868
81230526188
65544212899
25076828683
89465338460
51617263346
07177240772
20661341550
44126198776
14868186680
71772424650
87261755761
77523342515
44315549630
02163379680
48081778039
28565567443
79126337401
84302162864
18890818255
73171031876
63958292895
54632718440
34471887823
41673211658
38111287011
54209881783
57848485420
62808982100
43815141575
93065733838
45533951261
14156151956
84573961100
41652778004
28299064031
23183789248
21350834700
84585242104
25374043609
81625241852
74762189812
72172237841
72561171833
17631762236
96166358245
78538810960
31697443729
78664301107
08747164387
55142988418
46257076170
34217472617
25188347881
21767766319
78192804844
58127559490
27811572605
72486956450
19256580829
65458738225
73632956464
05350826735
04516121832
79773321673
12913265456
69827650408
60334434203
90294320636
34463477123
03337478522
18141255827
04765604624
31237338239
28775828413
87267935397
84478668159
21375152297
77392165267
77828574223
49565715001
86522711788
87513647356
81471462722
